0	0.0490676743274180	0.0980171403295606	0.146730474455362	0.195090322016128	0.242980179903264	0.290284677254462	0.336889853392220	0.382683432365090	0.427555093430282	0.471396736825998	0.514102744193222	0.555570233019602	0.595699304492433	0.634393284163646	0.671558954847018	0.707106781186548	0.740951125354959	0.773010453362737	0.803207531480645	0.831469612302545	0.857728610000272	0.881921264348355	0.903989293123443	0.923879532511287	0.941544065183021	0.956940335732209	0.970031253194544	0.980785280403230	0.989176509964781	0.995184726672197	0.998795456205172	1	0.998795456205172	0.995184726672197	0.989176509964781	0.980785280403230	0.970031253194544	0.956940335732209	0.941544065183021	0.923879532511287	0.903989293123443	0.881921264348355	0.857728610000272	0.831469612302545	0.803207531480645	0.773010453362737	0.740951125354959	0.707106781186548	0.671558954847018	0.634393284163646	0.595699304492434	0.555570233019602	0.514102744193222	0.471396736825998	0.427555093430282	0.382683432365089	0.336889853392220	0.290284677254462	0.242980179903264	0.195090322016128	0.146730474455362	0.0980171403295604	0.0490676743274180	1.22464679914735e-16	-0.0490676743274182	-0.0980171403295606	-0.146730474455362	-0.195090322016128	-0.242980179903264	-0.290284677254462	-0.336889853392220	-0.382683432365090	-0.427555093430282	-0.471396736825998	-0.514102744193222	-0.555570233019602	-0.595699304492433	-0.634393284163646	-0.671558954847018	-0.707106781186548	-0.740951125354959	-0.773010453362737	-0.803207531480645	-0.831469612302545	-0.857728610000272	-0.881921264348355	-0.903989293123444	-0.923879532511287	-0.941544065183021	-0.956940335732209	-0.970031253194544	-0.980785280403231	-0.989176509964781	-0.995184726672197	-0.998795456205172	-1	-0.998795456205172	-0.995184726672197	-0.989176509964781	-0.980785280403230	-0.970031253194544	-0.956940335732209	-0.941544065183021	-0.923879532511287	-0.903989293123443	-0.881921264348355	-0.857728610000272	-0.831469612302545	-0.803207531480645	-0.773010453362737	-0.740951125354959	-0.707106781186547	-0.671558954847019	-0.634393284163646	-0.595699304492434	-0.555570233019602	-0.514102744193222	-0.471396736825998	-0.427555093430283	-0.382683432365090	-0.336889853392220	-0.290284677254463	-0.242980179903264	-0.195090322016128	-0.146730474455362	-0.0980171403295605	-0.0490676743274181


















100HZ
0	0.0980171403295606	0.195090322016128	0.290284677254462	0.382683432365090	0.471396736825998	0.555570233019602	0.634393284163646	0.707106781186548	0.773010453362737	0.831469612302545	0.881921264348355	0.923879532511287	0.956940335732209	0.980785280403230	0.995184726672197	1	0.995184726672197	0.980785280403230	0.956940335732209	0.923879532511287	0.881921264348355	0.831469612302545	0.773010453362737	0.707106781186548	0.634393284163646	0.555570233019602	0.471396736825998	0.382683432365089	0.290284677254462	0.195090322016128	0.0980171403295604	1.22464679914735e-16	-0.0980171403295606	-0.195090322016128	-0.290284677254462	-0.382683432365090	-0.471396736825998	-0.555570233019602	-0.634393284163646	-0.707106781186548	-0.773010453362737	-0.831469612302545	-0.881921264348355	-0.923879532511287	-0.956940335732209	-0.980785280403231	-0.995184726672197	-1	-0.995184726672197	-0.980785280403230	-0.956940335732209	-0.923879532511287	-0.881921264348355	-0.831469612302545	-0.773010453362737	-0.707106781186547	-0.634393284163646	-0.555570233019602	-0.471396736825998	-0.382683432365090	-0.290284677254463	-0.195090322016128	-0.0980171403295605	-2.44929359829471e-16	0.0980171403295609	0.195090322016128	0.290284677254463	0.382683432365090	0.471396736825998	0.555570233019602	0.634393284163646	0.707106781186547	0.773010453362737	0.831469612302545	0.881921264348355	0.923879532511287	0.956940335732209	0.980785280403231	0.995184726672197	1	0.995184726672197	0.980785280403231	0.956940335732209	0.923879532511287	0.881921264348355	0.831469612302546	0.773010453362736	0.707106781186547	0.634393284163645	0.555570233019602	0.471396736825998	0.382683432365089	0.290284677254462	0.195090322016128	0.0980171403295606	3.67394039744206e-16	-0.0980171403295599	-0.195090322016129	-0.290284677254463	-0.382683432365090	-0.471396736825997	-0.555570233019602	-0.634393284163646	-0.707106781186548	-0.773010453362737	-0.831469612302545	-0.881921264348356	-0.923879532511287	-0.956940335732209	-0.980785280403231	-0.995184726672197	-1	-0.995184726672197	-0.980785280403231	-0.956940335732209	-0.923879532511287	-0.881921264348355	-0.831469612302546	-0.773010453362738	-0.707106781186547	-0.634393284163646	-0.555570233019602	-0.471396736825998	-0.382683432365089	-0.290284677254462	-0.195090322016128	-0.0980171403295608